1000
361 506
316 678
311 197
351 145
923 427
54 537
247 838
775 338
986 243
849 908
863 845
659 787
686 785
949 175
281 323
846 894
72 112
509 589
278 34
895 891
290 903
215 966
152 257
650 708
125 24
927 947
974 428
701 529
417 155
156 325
298 921
578 660
535 355
776 749
181 691
451 854
865 383
44 677
48 58
224 407
279 873
232 76
788 344
794 793
91 355
422 756
313 268
986 684
989 579
439 855
498 906
345 122
367 229
571 844
663 152
233 771
649 865
276 254
441 753
690 857
621 631
971 301
712 701
301 725
595 281
897 522
95 261
451 631
132 344
910 797
38 371
798 449
282 381
420 985
525 431
222 619
302 385
644 14
263 243
299 623
56 340
470 981
683 495
329 6
881 856
628 480
668 396
422 240
379 262
407 694
409 307
372 590
510 631
127 265
348 766
213 371
531 716
95 83
894 189
385 181
949 206
837 219
593 289
761 864
218 661
365 188
684 620
974 435
541 772
494 805
737 526
354 879
495 522
554 57
209 313
413 15
56 217
570 960
773 500
551 353
769 881
502 355
486 66
12 665
308 821
504 771
813 396
882 837
569 252
785 753
955 449
819 441
770 329
474 30
553 92
913 892
311 75
715 3
639 422
852 943
802 412
694 913
576 630
645 157
763 252
339 402
148 104
630 84
347 902
813 373
356 746
118 280
812 81
211 557
280 79
176 552
471 328
287 137
179 103
340 293
700 786
385 852
884 91
19 881
356 376
3 550
526 525
54 469
553 285
886 519
464 581
119 617
75 433
122 194
388 300
510 391
852 196
474 335
644 147
12 919
516 576
541 503
487 876
458 491
733 526
948 851
631 88
897 188
759 279
890 453
589 630
619 210
379 212
310 700
523 625
784 671
931 709
73 330
352 866
984 531
400 189
294 825
534 144
111 392
817 731
196 200
550 814
979 822
754 713
677 178
769 724
359 223
554 368
633 206
312 172
602 924
522 576
899 95
147 374
975 277
396 572
498 805
885 259
287 756
368 427
743 385
478 29
913 281
719 991
869 228
175 860
968 318
611 377
891 703
456 89
91 971
21 434
867 19
132 686
85 618
693 466
61 17
899 42
471 932
148 404
43 803
901 609
584 513
404 895
478 840
437 681
443 755
837 333
759 746
674 733
608 402
121 559
334 459
358 349
440 648
944 582
805 795
67 19
572 230
412 282
557 10
840 927
629 292
909 670
14 971
279 658
397 484
893 817
578 174
873 917
380 750
60 581
418 612
632 2
203 732
603 843
335 174
107 521
99 94
612 460
89 597
564 332
381 854
400 968
498 10
540 331
931 477
599 378
298 118
404 855
829 739
26 265
708 67
525 705
988 826
475 103
823 144
63 243
409 122
346 661
645 968
69 325
886 381
513 795
942 722
343 561
490 283
112 316
652 649
766 407
744 230
408 847
672 212
394 800
176 47
891 86
419 126
94 253
652 702
906 274
765 751
26 648
307 549
677 220
296 192
118 401
968 740
173 93
708 322
861 722
459 469
276 125
908 718
326 546
789 529
730 175
31 685
644 333
15 336
153 978
615 121
22 849
411 868
217 856
924 377
542 417
256 917
356 274
512 359
630 93
169 565
858 168
620 549
541 142
502 596
357 277
969 706
997 294
137 508
533 536
855 129
511 605
577 998
907 875
552 514
252 92
353 130
473 847
333 821
909 293
41 361
951 421
102 141
715 128
130 942
263 149
493 946
615 927
421 704
786 426
195 29
290 897
516 464
911 419
48 831
325 849
750 584
521 330
143 698
233 128
758 65
473 328
911 349
622 637
565 643
231 270
993 906
455 475
914 888
429 708
32 987
980 491
135 64
499 309
299 799
221 220
470 157
306 88
563 473
685 609
703 575
868 671
115 992
379 411
723 640
825 923
930 383
450 49
316 217
699 277
234 718
201 182
633 882
523 829
291 838
571 331
685 109
472 973
647 752
543 439
968 506
589 887
543 733
695 437
563 379
787 770
388 646
380 174
463 985
802 335
550 44
896 209
438 236
132 905
223 33
42 145
592 262
57 576
984 828
292 719
766 199
578 476
658 855
511 970
561 129
905 471
181 148
428 965
506 332
854 578
931 602
124 496
851 690
715 278
284 380
432 109
892 12
272 700
19 538
800 732
910 594
743 252
638 749
319 6
122 390
264 256
169 6
117 613
921 32
365 505
92 718
459 905
365 466
918 592
599 198
769 3
574 277
76 846
995 599
570 52
829 17
369 516
259 778
38 694
827 375
494 778
670 16
797 554
921 897
947 226
374 259
90 407
73 456
585 502
708 370
332 744
323 741
26 621
368 232
213 325
744 424
438 840
436 372
791 352
681 722
175 754
705 529
817 25
240 261
29 850
383 47
373 337
916 634
241 146
816 367
660 241
696 265
685 516
885 962
632 515
916 508
34 478
102 433
856 711
289 739
88 444
710 765
542 935
305 224
640 126
4 263
939 795
859 604
804 244
433 112
664 572
746 671
573 88
928 473
262 547
822 555
754 147
296 276
142 330
337 352
462 366
250 688
64 953
258 64
514 850
577 536
311 506
676 779
758 119
388 843
707 925
823 684
708 976
61 484
557 859
404 545
332 900
724 955
901 301
68 813
151 77
732 793
918 845
360 17
639 492
148 815
479 851
122 325
477 97
613 142
19 545
122 643
257 71
746 63
393 806
313 708
204 213
930 827
908 37
768 416
880 509
646 579
483 23
705 225
205 760
409 385
216 260
884 407
92 607
714 92
941 821
401 452
240 235
283 198
393 147
556 928
295 92
780 409
542 448
939 45
420 596
520 965
613 260
304 444
80 388
950 810
487 80
125 901
979 965
591 387
565 622
458 121
854 544
294 960
560 286
272 299
35 390
170 18
129 417
312 746
378 375
389 298
665 401
660 759
525 613
735 185
233 526
132 644
68 786
778 40
594 82
305 650
577 772
199 297
764 988
452 689
460 679
47 19
954 519
262 347
598 235
746 304
124 540
313 832
905 120
746 74
778 994
788 610
190 528
296 704
903 76
186 33
949 564
396 357
450 19
876 903
767 573
505 305
278 958
121 101
414 700
789 333
706 32
787 843
402 289
300 226
313 706
596 619
85 375
221 8
634 635
524 750
519 685
42 899
423 766
596 252
794 365
420 473
745 124
286 862
894 304
667 532
146 516
609 206
260 607
921 357
137 721
848 357
422 546
775 646
136 491
91 235
325 731
997 70
488 812
651 562
656 740
238 839
402 460
770 402
715 836
352 99
903 476
175 813
965 444
431 490
840 350
877 84
975 407
730 12
837 722
100 991
371 612
467 52
465 713
309 200
305 94
147 618
332 485
378 823
482 124
194 527
879 870
306 750
24 776
282 340
314 165
464 46
564 555
196 690
104 763
540 743
806 957
625 379
369 250
15 474
695 641
561 166
213 266
419 266
441 142
862 477
127 765
727 469
613 582
112 122
702 715
390 487
74 690
954 228
876 357
496 471
172 203
947 270
419 605
334 350
505 193
596 464
794 603
490 694
580 327
824 866
795 592
171 344
350 636
454 399
103 773
612 668
167 170
848 247
920 564
557 268
648 466
230 723
989 301
736 232
611 341
786 292
1000 266
348 770
25 523
293 739
914 83
4 771
482 446
680 194
60 209
208 739
223 880
355 528
999 405
297 980
466 488
72 687
316 993
232 142
339 232
24 249
251 253
230 867
604 392
708 53
799 219
557 28
125 739
716 70
264 306
157 985
823 552
138 652
663 646
751 219
148 489
582 7
516 405
932 428
637 215
578 386
946 194
958 853
170 731
207 853
72 317
916 375
444 398
822 473
41 711
753 610
229 408
983 247
652 738
669 775
765 740
324 905
460 278
450 248
558 625
38 70
328 829
791 662
240 577
582 520
834 598
399 305
437 716
700 817
292 373
850 379
861 405
826 168
917 72
153 396
338 875
336 760
87 618
381 278
740 953
257 544
811 27
768 682
780 526
516 715
914 740
729 328
108 572
346 889
509 487
803 866
940 252
846 579
21 844
438 736
86 310
303 218
355 636
556 964
115 333
367 23
616 961
20 326
378 912
302 859
813 587
57 72
182 441
158 567
187 51
259 931
576 281
792 756
234 915
843 295
448 481
37 740
877 3
210 462
624 17
957 558
788 589
650 584
264 748
786 380
719 632
363 143
353 881
949 64
833 271
790 668
637 234
462 946
561 451
244 207
948 96
959 546
10 787
238 585
464 91
89 595
675 130
582 501
946 278
613 893
151 425
243 689
457 936
195 873
917 39
144 649
536 971
805 768
671 631
790 876
752 776
44 99
494 705
900 819
265 952
704 380
108 15
133 352
533 316
171 138
272 353
320 492
28 620
678 783
116 416
728 871
407 955
545 933
465 134
149 227
840 72
598 43
704 299
537 265
567 485
174 972
874 128
563 825
838 331
842 303
768 591
22 908
629 930
802 519
490 576
546 236
46 885
752 252
323 148
384 954
489 707
909 455
587 181
50 118
840 846
177 657
971 986
559 634
467 391
942 899
859 575
226 511
947 559
469 294
966 818
987 261
2 559
390 819
124 14
35 461
753 991
948 20
917 515
612 386
120 641
710 728
780 755
638 330
688 574
973 769
552 414
577 177
499 535
323 449
347 445
696 790
145 437
569 488
183 10
300 578
404 65
464 814
3 428
380 591
796 867
337 198
313 959
931 846
218 749
260 40
506 977
593 727
737 544
306 237
728 381
127 780
983 501
182 814
738 755
438 806
415 917
551 716
402 325
511 493
553 696
135 440
929 658
596 210
399 521
575 595
128 230
213 407
674 871
759 767
736 743
411 637
841 124
153 843
586 768
631 492
976 721
966 649
630 993
267 94
317 423
102 507
575 236
830 260
675 942
403 329
205 320
515 366
219 272
902 947
249 393
218 69
109 87
456 284
939 333
12 316
594 226
73 68
878 695
867 57
268 402
243 308
665 31
351 120
76 994
103 549
391 222
120 136
730 370
157 272
335 878
858 498
183 754
983 686
532 55
59 64
421 324
22 360
789 499
133 947
556 305
210 784
164 129
266 379
693 66
238 765
451 212
746 810
955 447
480 458
577 381
294 464
180 91
100 526
632 268
231 975
723 605
297 404
337 370
967 480
473 55
249 460
765 840
166 643
94 898
365 326
973 120
77 594
979 543
221 229
866 266
861 253
186 143
123 545
293 815
919 126
227 298
128 739
607 577
829 397
704 314
749 620
297 568
294 868
633 64
746 742
12 501
853 676
8 85
457 960
32 954
202 461
197 674
659 300
992 927
991 465
505 520
432 516
740 941
683 88
806 727
418 255
276 902
961 756
565 913
58 552
475 426
745 478
238 911
312 758
248 706
60 782
602 722
526 108
646 768
899 437
83 683
597 274
412 244
784 390
153 562
230 305
85 487
627 551
358 122
337 346
624 883
597 436
178 746
832 574
207 32
679 484
895 4
27 758
859 919
770 856
685 513
197 123
550 10
776 674
181 33
437 910
983 809
241 899
337 799
228 241
1000 493
910 875
290 610
69 211
674 472
520 588
920 932
31 759
102 482
272 687
948 526
164 684
37 220
552 492
568 473
749 53
984 136
96 716
468 38
466 826
760 62
785 561
770 837
957 348
893 311
44 116
50 329
686 516
650 700
170 454
437 441
272 107
199 255
357 654
477 975
578 874
404 233
397 440
763 859
46 642
924 449
939 571
959 784
324 636
71 218
888 105
898 61
598 809
141 300
965 490
518 957
149 779
49 377
572 272
812 247
754 545
346 73
117 43
67 389
245 894
626 357
113 149
591 775
840 25
619 566
809 942
870 904
540 581
212 270
678 185
675 935
921 42
159 669
658 908
847 255
233 521
334 853
405 675
930 175
29 162
824 502
856 276
502 889
494 936
103 841
932 459
34 405
236 268
284 344
27 391
458 878
993 365
520 58
404 921
789 699
582 317
332 171
530 443
460 62
371 653
473 97
933 758
649 824
74 511
184 119
998 635
372 370
308 426
433 173
135 209
119 941
993 665
103 20
799 244
178 962
683 387
994 966
897 827
662 441
355 139
779 867
805 864
213 692
114 785
170 317
541 243
24 340
680 302
482 348
320 862
703 42
255 411
490 225
425 97
371 887
687 137
837 77
224 454
990 723
963 673
210 690
878 109
456 488
138 172
124 600
596 864
3 839
366 683
634 801
500 312
687 713
759 175
974 156
253 397
558 191
791 938
186 876
90 281
520 594
783 67
141 610
747 669
359 274
840 709
177 934
722 905
371 554
178 8
959 57
902 70
693 977
383 812
40 380
434 846
935 713
880 468
957 289
278 74
969 650
957 912
327 320
307 618
333 655
864 1
943 954
402 464
484 39
674 912
174 17
85 509
269 589
76 934
917 701
76 33
883 120
310 332
605 967
855 885
335 418
194 675
694 337
66 419
705 259
216 701
531 291
835 124
11 510
403 409
212 62
644 576
301 754
410 394
449 36
583 449
824 626
854 167
829 309
820 232
214 365
178 795
743 250
92 629
727 452
973 222
186 669
105 658
37 474
81 369
381 838
858 975
793 143
686 228
115 894
746 974
18 699
879 658
523 399
881 879
907 8
354 315
263 201
728 76
757 583
603 449
608 997
896 741
152 753
377 995
704 965
539 173
974 527
486 139
734 321
377 578
655 849
659 18
788 490
635 16
508 234
569 906
883 58
298 645
431 857
536 218
828 9
743 669
88 960
554 237
624 752
372 815
385 335
151 507
720 217
329 508
26 729
722 164
645 179
279 967
541 702
618 803
175 666
591 222
986 958
16 800
289 276
506 61
739 139
15 876
99 676
698 275
824 758
422 264
949 138
207 833
10 456
694 501
210 192
626 209
675 401
658 525
442 94
572 636
668 620
745 303
653 853
246 346
101 856
181 861
934 863
530 293
215 599
223 449
852 460
776 853
12 18
183 562
713 325
745 12
508 986
223 883
191 275
862 907
673 943
592 996
421 592
617 242
987 300
810 629
869 956
889 530
3 920
607 609
585 937
49 278
980 525
16 24
440 391
281 757
972 92
398 859
84 791
682 960
934 574
145 715
110 322
894 233
506 835
635 281
151 514
660 904
418 750
468 591
208 263
391 848
815 454
727 956
442 699
327 575
352 53
299 690
878 814
870 337
529 644
817 43
660 793
835 213
544 179
148 526
687 573
697 212
632 333
555 478
167 244
536 368
154 753
264 691
789 302
745 834
694 73
323 509
209 357
517 674
693 326
167 623
222 153
85 802
473 881
243 697
83 435
139 770
99 843
344 236
611 276
831 332
11 468
937 145
509 174
498 376
354 479
557 593
236 449
61 417
770 939
533 38
327 966
890 757
99 802
764 463
496 375
593 591
335 93
129 334
961 364
651 24
326 844
966 997
841 991
745 473
105 658
556 308
722 847
852 530
682 798
595 123
677 855
573 220
906 290
917 773
507 360
534 705
865 783
659 314
229 226
407 538
912 574
53 627
404 238
9 63
761 79
61 353
73 821
238 210
884 557
4 77
781 281
325 892
307 967
282 336
441 754
401 565
238 143
850 339
430 681
730 790
95 814
2 903
684 296
665 937
974 237
174 477
262 327
279 671
604 988
869 7
972 719
766 817
515 134
225 332
238 802
229 990
364 250
339 911
895 152
247 394
567 826
596 56
278 618
573 748
93 55
68 423
630 954
622 246
560 466
540 647
118 680
340 24
328 19
447 896
473 645
601 956
671 436
588 579
846 355
997 210
261 991
373 761
607 906
705 420
804 211
771 939
205 707
47 707
900 673
246 994
802 880
654 847
142 796
88 360
61 657
961 529
676 4
202 116
480 871
672 756
63 289
276 17
92 892
716 935
607 77
345 958
418 880
719 443
989 17
111 398
403 724
256 26
827 918
818 896
976 65
258 53
769 237
569 303
914 161
797 452
593 246
966 155
169 517
490 505
835 363
130 309
968 908
291 172
48 709
869 966
135 17
351 263
738 741
9 71
726 292
657 690
154 348
647 873
360 279
281 639
152 411
160 789
5 410
88 823
293 666
388 733
685 942
456 186
635 571
805 976
203 213
512 162
435 864
147 480
838 806
555 71
100 655
905 455
608 117
825 915
666 532
254 292
435 136
459 239
43 183
619 594
630 930
195 763
194 960
771 729
139 355
856 945
152 209
149 306
28 461
525 537
117 363
731 358
576 816
866 989
395 879
661 814
681 373
457 541
882 654
973 523
416 29
881 251
931 801
60 654
358 794
365 160
520 136
235 952
220 508
797 620
737 45
290 675
411 549
130 857
488 577
595 614
900 621
477 599
445 309
727 499
79 853
367 872
58 906
799 556
791 430
754 932
271 752
19 601
724 386
198 757
925 514
93 138
511 697
36 980
318 463
549 458
56 221
709 377
603 649
533 497
866 877
395 110
44 689
438 632
908 893
261 907
722 327
73 848
481 819
174 770
791 606
78 994
1000 866
182 532
339 189
471 951
636 66
687 953
488 622
61 192
404 764
536 50
790 802
457 879
962 322
52 962
487 2
251 955
544 140
659 39
371 967
261 247
213 524
286 645
188 241
247 554
499 9
622 851
658 338
852 751
491 230
749 930
646 995
387 574
166 12
466 220
418 805
933 95
21 466
696 754
38 849
973 141
97 788
503 356
236 184
714 832
915 416
193 900
661 314
118 465
964 833
245 547
816 449
369 289
637 191
38 697
393 366
365 761
23 875
12 927
286 506
115 875
2 367
232 16
2 838
532 94
417 571
555 874
54 187
600 309
252 912
815 41
146 329
169 303
411 200
132 612
951 786
512 551
673 723
795 500
831 295
797 308
389 42
269 139
931 761
274 945
210 159
683 202
650 425
976 806
87 538
463 537
296 959
512 844
927 740
961 730
851 798
466 340
361 519
713 197
702 461
656 911
471 147
611 748
802 190
531 462
186 281
989 520
695 506
803 122
380 523
890 465
455 74
706 804
428 49
761 753
938 262
625 534
76 172
253 864
185 312
728 543
533 973
775 920
446 593
993 442
568 94
430 545
