1000
230 16
768 96
798 600
173 810
262 423
690 610
728 114
530 364
495 313
925 540
380 711
795 61
365 115
756 651
714 609
139 114
511 577
558 28
741 54
216 527
248 945
271 412
778 564
335 433
822 512
884 984
158 407
404 646
350 490
843 541
711 245
716 835
533 494
63 512
937 913
894 540
136 319
647 134
562 906
829 814
468 891
127 932
174 548
703 543
93 439
339 968
474 709
624 84
778 743
747 781
220 585
950 745
502 617
145 337
9 109
158 35
104 618
539 41
684 198
164 376
131 991
230 450
588 929
662 813
645 684
224 450
734 324
512 958
307 528
173 500
357 291
776 241
554 710
162 886
793 571
339 386
614 260
652 125
252 450
14 358
846 526
424 751
309 540
93 76
894 355
291 719
1000 190
293 422
258 334
650 891
219 733
165 892
312 508
587 49
818 199
176 904
550 628
194 836
323 488
587 914
759 786
444 938
714 925
165 724
273 506
510 865
604 667
497 902
913 850
405 356
719 720
100 18
235 430
230 938
607 808
973 368
710 661
422 22
121 464
766 906
270 930
395 230
899 206
735 272
415 547
89 336
769 941
51 189
767 829
149 903
305 524
912 254
244 668
403 914
999 696
554 113
841 855
811 564
209 28
735 706
740 249
7 356
938 175
212 679
394 263
877 270
250 45
149 469
935 344
947 478
739 356
136 104
890 447
948 291
556 735
434 829
423 915
143 240
810 581
615 746
514 94
32 884
816 626
813 59
513 912
228 890
350 28
505 254
10 492
545 985
510 542
151 112
848 961
634 357
815 471
909 421
609 530
541 746
837 907
415 691
322 676
40 783
222 984
499 326
871 158
255 536
326 746
54 179
319 115
463 994
307 6
892 192
310 161
21 473
225 913
851 410
552 325
94 332
365 808
576 461
532 459
352 55
109 97
999 735
989 258
998 55
717 496
982 92
865 501
399 296
274 51
98 650
85 930
415 401
938 5
879 189
198 333
490 430
345 893
923 402
625 421
224 828
629 871
211 840
906 605
291 368
666 809
819 921
880 179
713 703
181 694
97 117
159 795
176 5
372 349
377 654
147 716
275 681
11 674
761 4
914 217
393 919
160 363
758 426
513 376
246 332
255 844
836 5
621 14
831 437
213 298
65 579
323 871
369 671
912 834
130 304
520 929
553 567
972 201
43 674
713 977
493 234
935 341
90 765
642 772
729 301
437 954
75 951
74 303
641 701
67 893
37 541
740 950
700 311
631 500
187 99
823 55
710 504
77 387
698 158
894 471
988 21
66 151
576 324
399 507
308 523
524 781
210 897
671 639
449 536
47 515
316 747
803 529
378 855
457 637
884 791
199 894
651 406
670 568
655 473
754 595
272 810
252 809
369 246
96 740
264 704
286 118
944 284
765 471
752 149
236 291
257 192
999 977
371 646
272 573
248 718
371 831
983 81
65 138
11 236
343 310
458 201
260 870
967 990
670 338
544 564
653 238
40 737
349 737
654 783
441 847
676 300
939 328
113 240
933 79
319 737
964 91
262 26
263 641
359 295
92 433
546 963
868 212
73 723
690 573
922 777
199 221
641 841
993 117
340 807
440 791
93 399
55 677
988 563
977 689
786 249
529 444
935 59
889 568
348 989
76 269
682 666
116 679
697 47
149 310
338 455
248 589
214 93
865 43
868 277
929 190
223 747
557 211
269 946
341 39
706 63
717 761
819 876
215 517
315 542
712 171
554 934
479 398
248 235
25 550
214 319
567 630
566 838
134 886
726 570
766 514
138 858
900 66
143 982
833 720
280 28
600 813
892 150
564 764
845 162
15 637
27 921
652 419
96 952
142 310
866 26
790 194
484 596
66 350
4 408
688 119
62 899
583 499
568 159
87 614
805 57
4 663
850 699
631 580
404 371
4 402
95 27
421 966
200 423
37 632
213 962
190 394
983 858
44 109
951 327
248 492
774 24
702 375
915 654
800 985
538 526
600 770
511 435
817 566
431 866
255 845
655 605
522 145
978 761
56 139
792 944
632 94
554 479
743 594
303 401
839 194
90 930
123 567
753 428
220 347
864 70
7 6
604 840
557 821
368 849
234 470
459 913
670 197
792 527
375 298
477 940
508 312
108 781
916 864
149 637
557 812
875 258
502 284
714 395
549 21
87 976
649 365
936 522
714 728
56 351
996 846
517 655
24 130
185 361
707 117
108 239
301 545
688 342
794 462
492 311
68 425
225 616
920 936
592 908
965 231
994 751
320 678
887 11
146 520
368 333
608 630
957 97
610 818
376 82
557 941
359 778
137 633
718 625
348 447
410 589
469 170
639 215
746 690
435 158
554 275
249 746
44 859
104 154
262 984
697 854
382 503
53 606
861 94
884 473
87 11
526 239
964 554
406 311
754 555
90 331
313 34
109 262
893 109
109 277
880 9
493 419
942 86
764 219
191 407
661 786
672 659
925 378
33 78
95 456
745 400
467 143
334 821
843 931
117 299
917 407
240 783
988 688
291 705
231 423
766 252
136 35
487 503
205 908
341 286
355 521
197 201
262 595
145 508
427 648
60 37
319 642
967 42
20 885
871 760
875 644
77 229
245 308
836 39
888 351
239 106
985 155
744 783
556 304
194 119
757 998
912 244
491 692
836 368
351 922
505 36
202 225
689 19
308 613
872 916
574 842
927 83
401 228
633 888
580 37
9 63
346 107
555 223
993 656
239 35
284 560
865 468
866 822
628 988
262 39
362 629
245 205
989 144
867 390
729 342
646 875
39 363
320 25
948 430
2 243
184 394
348 174
8 72
142 243
996 587
194 825
226 290
39 41
625 601
335 512
47 888
986 352
43 891
193 951
667 937
308 551
832 181
845 524
909 16
683 913
516 877
272 827
232 931
939 173
884 615
302 778
451 351
912 318
470 440
325 630
441 664
625 523
422 749
537 755
88 85
995 175
289 75
352 750
301 897
545 201
269 496
719 989
189 474
657 540
846 880
762 28
613 452
977 255
346 601
495 393
985 678
500 685
573 14
603 985
200 219
377 949
828 406
850 864
661 617
532 99
621 237
98 891
143 220
306 227
380 89
712 280
193 579
936 252
703 141
112 236
81 777
36 553
761 656
880 971
580 452
769 529
554 919
612 186
143 40
174 768
917 949
794 479
615 956
495 66
935 57
47 127
249 299
505 766
653 175
71 262
345 875
449 680
93 180
432 658
574 369
988 357
731 70
967 831
843 593
911 169
605 208
496 362
86 434
688 27
703 505
609 74
436 327
35 551
535 662
71 505
10 510
76 554
680 650
70 630
781 891
610 521
970 660
164 566
130 677
33 88
495 576
525 821
254 935
607 758
790 156
656 9
949 383
79 839
540 347
327 486
22 401
863 160
365 396
602 210
532 908
677 622
230 931
236 609
278 139
629 70
156 534
931 833
967 596
860 541
469 361
115 927
237 524
791 280
46 249
514 918
597 391
603 148
722 499
5 622
140 299
413 334
545 820
560 26
790 301
291 907
477 810
121 95
250 42
200 688
117 897
452 395
707 471
947 34
709 823
784 194
88 392
960 550
787 423
519 250
996 339
468 729
187 200
721 984
733 357
212 808
299 942
657 264
632 947
926 104
471 598
837 511
986 777
581 334
260 830
705 555
80 397
32 23
376 114
907 505
743 788
98 216
463 831
144 229
59 163
674 495
510 371
348 140
851 894
972 455
795 217
861 604
618 547
78 582
202 824
984 882
487 199
283 569
97 397
385 682
757 151
177 725
108 299
582 569
314 872
518 760
536 841
652 446
571 710
14 885
139 683
479 27
21 143
37 442
537 854
701 327
877 256
802 468
1000 696
954 63
87 149
378 249
316 341
52 975
50 957
632 796
114 426
696 701
17 555
482 259
40 36
794 21
954 509
534 708
234 489
264 877
339 855
400 538
509 741
191 777
247 744
644 491
367 405
395 279
68 683
657 597
709 390
450 3
375 22
508 883
546 222
697 43
780 198
816 396
949 449
116 979
42 607
75 603
59 356
417 289
77 695
451 878
32 748
908 129
209 59
940 515
985 55
747 49
812 768
706 669
548 953
419 397
628 771
100 539
197 167
985 339
868 144
902 144
345 559
953 872
74 501
966 507
286 69
600 928
683 311
767 359
832 662
381 928
347 538
48 699
405 807
939 726
649 661
900 355
905 422
287 86
273 75
570 611
497 191
288 398
487 650
78 850
251 367
128 387
929 598
93 259
227 395
39 57
709 566
716 549
583 553
1000 13
190 197
121 268
587 429
993 30
778 761
871 372
100 172
406 670
718 23
29 316
288 900
358 860
487 723
7 920
563 248
27 741
897 595
370 229
370 247
981 541
883 4
459 543
523 870
879 593
672 499
799 581
595 976
118 512
39 221
275 275
253 492
921 508
11 150
917 398
48 422
667 732
818 588
73 130
585 99
753 53
137 332
195 150
308 825
698 539
573 922
946 806
374 348
384 172
67 125
514 295
973 649
619 556
448 872
793 982
965 885
462 97
840 977
394 736
667 566
783 551
378 148
523 785
261 32
506 204
985 400
762 592
575 472
717 580
787 64
83 97
191 868
981 389
357 738
955 433
833 935
518 843
660 531
895 941
938 376
454 228
301 471
180 810
672 819
762 525
469 525
23 93
711 70
438 745
185 72
54 955
812 821
360 24
478 621
868 313
973 829
317 949
400 451
368 84
999 235
401 189
973 461
310 737
285 133
882 62
131 49
19 629
766 423
148 852
501 820
564 325
391 990
798 989
817 371
311 470
372 879
202 294
164 234
791 645
362 312
904 387
691 823
491 936
167 397
875 241
555 911
22 786
759 307
680 822
472 343
143 105
991 831
582 639
825 819
930 282
469 15
16 384
441 2
796 202
941 175
379 183
846 63
131 886
101 844
438 304
134 631
850 740
673 252
35 944
52 41
576 799
54 266
114 101
110 736
113 909
330 181
654 52
897 290
161 435
985 586
389 673
721 116
31 815
617 684
515 778
861 642
656 428
878 706
711 435
40 635
231 616
493 848
539 146
681 530
2 625
436 596
471 19
235 525
207 850
175 825
54 92
116 216
786 553
156 590
165 969
961 618
95 572
439 831
259 72
719 566
461 494
789 90
3 581
363 274
977 981
548 450
298 454
66 739
894 407
648 326
758 831
681 989
266 335
558 99
420 590
988 30
891 236
532 132
921 447
874 91
324 497
782 256
49 48
342 801
596 373
34 939
618 837
462 205
151 387
860 770
248 612
543 475
98 658
769 707
81 626
686 857
387 301
615 785
722 978
960 612
357 915
610 300
487 652
114 336
79 55
736 814
582 363
289 68
972 184
989 877
884 972
801 67
147 914
862 199
349 429
17 299
720 953
57 200
495 323
364 304
456 588
194 118
414 522
584 825
784 390
295 93
185 423
139 137
974 238
724 578
346 968
760 302
685 184
670 514
921 746
556 949
844 776
395 418
585 313
334 682
423 701
175 720
152 139
2 27
851 795
16 312
746 548
589 981
333 759
361 31
893 969
419 189
186 869
346 299
86 880
594 888
927 924
501 672
105 54
8 386
914 256
706 483
732 735
984 81
359 678
427 393
156 425
528 866
506 194
439 32
757 752
341 377
186 483
994 547
517 794
460 709
379 373
378 249
568 251
577 657
843 789
315 87
605 393
611 131
517 464
682 969
54 304
93 168
471 955
757 563
939 598
278 644
615 819
232 157
439 663
617 221
17 93
785 57
984 305
12 592
10 774
700 78
122 296
60 194
671 762
46 784
307 554
462 919
141 112
317 132
376 387
967 598
961 972
517 792
421 673
460 170
161 835
36 15
648 105
65 472
592 714
197 424
709 902
933 183
557 390
368 488
27 296
643 762
140 660
576 930
196 466
529 935
762 978
82 213
8 25
13 171
356 235
699 85
82 499
458 931
848 709
201 152
960 805
278 307
865 541
872 497
438 427
950 809
758 680
78 327
658 898
494 74
234 899
655 678
745 816
957 43
380 435
784 900
55 250
582 976
368 845
935 669
890 988
296 400
707 271
185 93
975 19
182 582
883 364
321 572
402 709
966 15
907 394
166 196
881 815
725 826
498 190
213 164
680 197
64 858
788 229
409 96
646 997
900 477
573 973
34 213
605 419
638 728
796 185
314 49
85 605
419 368
414 343
1000 392
89 487
831 257
790 885
376 607
815 126
321 697
962 382
48 435
291 33
740 445
264 864
812 154
699 34
830 194
500 921
442 144
244 369
556 52
890 948
630 210
938 16
499 489
553 167
701 685
315 791
192 278
213 336
861 55
908 208
904 512
452 386
370 60
121 275
351 315
417 748
793 641
856 195
644 789
3 753
248 564
613 549
762 491
861 120
275 448
974 543
808 914
118 660
928 628
384 253
177 967
546 532
643 789
559 37
811 614
350 947
26 750
738 779
371 965
344 352
24 110
83 141
790 145
427 206
413 25
546 968
145 78
302 628
803 388
658 304
672 131
716 941
521 845
392 106
786 195
876 88
924 968
34 188
947 796
226 640
271 738
965 699
679 338
395 980
50 24
606 139
820 892
140 776
607 296
129 233
927 829
595 464
173 334
708 251
293 75
747 731
32 943
155 878
659 819
619 685
774 969
12 302
158 529
511 642
771 703
188 784
563 595
484 1
357 368
904 282
462 574
303 326
608 897
12 553
46 207
149 222
985 573
869 169
278 595
867 349
350 747
586 1000
844 374
679 370
443 151
38 618
701 38
357 193
61 6
278 621
182 344
545 919
74 806
248 269
852 489
98 89
598 27
561 200
76 197
628 323
479 74
910 442
875 58
757 180
305 760
83 897
798 381
984 256
817 555
142 977
937 995
707 900
853 991
899 392
642 408
236 533
201 449
168 90
231 610
199 56
403 567
706 277
699 390
257 794
71 788
157 53
972 281
119 976
370 471
71 664
79 271
254 287
658 205
613 514
401 519
531 436
499 217
507 577
382 828
76 12
147 626
751 873
13 131
604 892
254 916
630 256
537 435
746 953
817 884
892 515
633 527
450 552
658 816
999 926
192 765
465 6
901 572
299 734
268 946
52 304
223 693
278 25
554 627
1 819
494 416
573 812
791 228
803 20
790 155
77 907
88 123
369 720
877 210
258 243
794 277
734 788
151 714
337 442
282 727
385 790
890 112
537 973
660 598
54 609
194 642
485 184
415 742
578 19
932 812
234 160
262 525
307 1
525 579
510 131
23 767
348 152
355 133
582 182
567 227
516 934
547 766
351 269
899 540
38 614
609 963
453 630
264 704
41 286
682 505
582 797
395 92
561 43
91 21
126 543
296 325
419 227
146 933
187 595
118 591
541 833
764 397
522 411
936 520
826 67
644 555
792 63
701 733
473 519
146 474
969 473
712 19
845 104
904 169
890 976
799 582
261 388
709 4
665 649
639 452
701 385
981 945
923 633
861 34
218 178
486 36
757 75
62 517
258 102
884 113
203 543
54 585
528 376
301 752
491 103
44 204
787 430
180 507
450 899
107 27
782 846
465 633
524 534
210 643
968 299
230 790
255 877
308 289
749 508
314 759
455 382
207 793
890 780
882 690
922 333
896 593
301 658
746 811
453 416
172 910
977 697
7 71
324 108
440 764
485 112
142 763
165 549
800 618
132 91
37 93
277 256
995 459
989 134
913 729
576 675
812 141
596 680
894 748
772 50
410 933
910 436
793 883
613 443
184 999
784 169
287 164
370 443
788 273
984 179
702 467
309 646
147 312
289 478
419 229
110 370
794 633
586 41
657 87
872 595
494 800
271 976
583 967
369 214
579 531
501 79
162 185
917 513
272 15
137 245
30 234
466 345
88 553
688 638
744 264
701 378
322 342
95 551
798 487
594 578
521 882
444 741
492 428
351 613
971 995
602 676
487 708
353 409
869 766
8 91
213 381
172 322
340 256
914 86
418 19
750 853
381 53
29 914
44 891
875 129
341 307
766 692
471 138
665 608
864 423
259 345
73 558
277 570
373 862
999 621
549 315
388 49
79 924
625 271
483 350
906 397
396 463
861 755
813 932
380 841
650 132
464 494
714 299
625 346
860 792
239 117
679 671
980 22
152 760
983 333
927 501
474 601
2 56
197 483
889 347
162 153
953 814
567 252
378 189
671 562
89 831
672 845
910 72
78 242
982 439
471 3
810 889
765 846
407 524
240 643
764 789
753 745
887 308
360 714
992 730
23 747
268 145
420 533
732 812
387 567
107 459
305 801
715 673
811 546
9 765
837 851
117 284
51 362
643 766
788 593
796 276
905 740
454 520
290 454
247 646
458 468
446 699
390 400
75 165
258 39
522 451
452 108
476 704
31 203
565 28
641 215
183 331
694 837
86 124
403 798
946 99
763 801
768 656
941 551
241 293
908 277
345 708
398 261
289 71
357 781
382 782
97 62
928 245
77 182
988 971
797 143
930 924
854 575
991 976
326 926
413 370
944 826
726 514
905 78
84 563
6 294
437 101
484 461
423 756
430 1000
64 999
362 145
689 186
436 108
117 157
66 277
407 555
862 640
529 692
287 407
774 899
641 792
458 672
208 893
908 983
209 202
139 455
137 378
93 100
60 642
601 310
223 44
191 392
846 54
3 986
776 17
422 255
6 402
253 799
831 916
312 662
791 548
419 44
243 268
97 731
430 33
676 700
87 212
582 810
697 252
779 220
450 523
709 656
229 941
86 939
528 780
106 146
398 415
195 12
718 622
338 293
634 519
261 973
258 220
779 119
830 803
105 907
7 157
393 972
822 71
766 395
859 812
218 938
104 329
672 529
452 400
538 620
841 190
659 859
486 821
366 481
509 658
614 334
62 303
692 229
914 842
20 855
1 957
656 158
669 900
908 378
484 106
800 159
138 285
489 237
373 917
543 207
151 153
785 781
543 962
365 834
16 917
961 159
745 77
277 6
163 423
805 495
703 237
612 511
461 660
820 372
670 798
895 226
323 472
18 305
67 749
92 44
257 345
779 227
803 118
391 138
348 507
725 129
379 296
846 354
131 788
38 142
977 599
853 80
905 952
