1000
536 81
530 980
806 182
75 198
87 951
426 351
687 656
430 397
45 223
185 346
167 489
311 121
52 605
797 837
624 708
919 706
51 616
353 346
634 129
215 882
853 849
365 834
143 297
712 328
833 833
866 29
487 669
410 79
426 667
274 525
796 318
128 79
519 269
717 643
783 492
521 817
19 626
133 760
680 714
487 118
478 971
362 940
193 639
259 471
425 488
477 193
970 86
501 734
693 570
647 408
629 503
104 619
283 291
234 681
387 154
579 791
924 355
118 574
852 593
160 571
242 268
796 584
194 454
824 121
244 430
246 399
397 544
460 681
260 467
484 766
967 713
965 291
500 555
432 347
648 875
267 499
147 823
777 826
594 941
961 375
156 609
771 922
230 153
702 849
183 626
620 333
508 104
700 643
149 58
519 292
613 907
883 525
798 818
580 127
220 987
462 176
797 20
860 432
584 713
556 821
898 928
457 552
250 726
992 254
198 200
907 520
468 35
697 3
3 604
979 384
199 112
961 661
224 190
3 770
371 224
904 141
639 846
499 975
746 291
433 148
826 933
580 831
244 217
243 972
416 77
136 340
579 757
472 276
268 263
71 391
815 71
938 271
253 771
98 768
466 895
231 270
358 362
67 105
125 496
443 784
847 54
826 819
488 441
862 623
217 535
320 134
525 788
72 757
205 175
687 253
268 19
443 874
508 206
815 375
679 365
600 943
183 734
209 101
975 372
448 454
207 919
391 226
260 761
500 830
878 450
385 597
88 293
44 370
603 801
888 287
555 866
403 106
232 165
830 779
167 303
328 599
991 406
771 200
396 222
101 267
735 69
160 120
780 199
90 317
51 868
966 340
856 725
618 8
419 779
847 596
344 672
53 276
704 676
332 818
390 857
371 298
627 191
596 222
818 65
558 124
717 742
650 715
230 753
703 537
15 393
270 680
171 537
487 84
866 25
98 615
153 132
886 701
15 56
430 456
753 137
39 581
7 143
83 141
245 139
425 198
676 205
27 7
158 801
646 7
77 62
174 351
909 966
679 707
53 753
245 525
826 281
437 330
787 639
865 803
318 229
472 877
978 497
892 938
203 753
699 646
394 850
814 562
266 127
325 860
668 824
9 213
355 976
880 162
465 486
909 196
784 213
149 312
810 237
27 984
353 831
893 984
648 533
660 241
984 464
320 857
476 359
74 689
814 319
809 254
135 21
277 737
291 438
375 391
978 703
975 737
969 557
396 85
895 871
432 459
672 279
777 777
709 365
177 272
58 556
46 860
743 427
187 920
175 325
686 616
140 97
360 709
866 139
688 701
503 313
304 904
89 958
422 548
984 467
133 898
23 17
569 694
848 808
935 163
85 452
770 645
336 466
263 493
171 327
170 432
225 849
230 952
843 733
137 250
764 671
678 351
798 717
666 243
162 653
967 497
356 545
164 445
220 778
538 832
167 795
625 727
964 394
617 524
927 522
650 812
665 835
164 799
854 752
311 452
245 528
581 34
404 415
555 904
602 546
267 854
747 366
685 721
936 473
185 227
716 327
303 313
383 966
792 563
279 603
98 343
42 923
224 807
798 251
479 294
137 505
74 535
193 712
134 862
581 1000
111 749
434 531
362 681
303 689
913 810
777 365
234 326
648 406
960 231
952 399
624 504
633 167
501 236
400 585
837 751
116 733
346 699
225 670
402 764
888 474
495 860
437 518
775 192
471 695
237 570
436 49
527 501
979 500
710 468
880 194
809 371
443 354
298 763
81 361
687 723
754 483
658 882
498 694
930 350
608 896
120 704
433 780
106 941
214 553
244 591
65 58
986 322
85 391
455 783
843 602
329 404
366 188
835 658
512 374
290 822
770 728
520 897
976 781
668 329
530 756
495 581
468 617
80 588
639 218
690 214
38 315
57 738
338 979
913 126
951 884
295 554
749 759
37 334
15 398
130 551
967 927
240 567
216 392
28 233
395 133
26 897
506 268
214 266
136 330
324 606
903 474
537 569
257 477
583 510
120 53
797 345
414 266
405 524
125 589
309 10
487 47
567 287
8 307
64 221
375 400
420 264
841 8
224 508
854 451
991 74
938 861
590 598
677 51
1000 812
556 962
91 518
901 721
569 455
919 970
184 148
520 893
938 654
84 964
181 930
253 168
940 288
38 243
812 815
414 716
953 711
555 950
391 206
541 65
904 396
463 408
604 510
185 201
461 943
105 440
847 242
13 964
726 570
370 545
384 883
433 612
806 278
252 610
839 208
925 609
597 643
16 853
902 852
836 333
725 683
758 683
582 239
846 560
334 183
968 189
840 306
388 635
185 559
695 77
221 974
655 264
751 190
339 226
574 636
856 144
546 811
981 790
59 558
545 290
290 7
783 522
638 204
321 370
633 381
778 174
400 103
18 559
623 876
270 525
730 408
174 642
429 877
861 239
637 993
588 108
44 75
848 501
777 849
887 480
78 485
783 808
161 347
383 636
83 621
571 368
868 631
941 451
189 819
870 896
756 486
537 886
659 34
345 936
482 594
894 781
529 1
837 32
134 771
268 25
157 801
618 59
563 618
852 812
562 421
97 472
472 528
336 574
584 148
612 17
519 478
231 473
912 671
220 520
105 357
43 637
948 337
633 212
847 295
526 348
132 617
13 599
530 60
543 742
114 833
296 859
810 621
473 604
237 90
596 791
705 707
995 1000
712 604
762 829
296 744
192 67
636 961
938 758
752 108
640 645
464 586
966 883
658 760
276 375
431 767
246 53
951 805
493 259
322 522
460 829
175 428
932 825
425 620
576 44
812 847
650 851
165 821
572 667
751 781
912 65
39 64
297 58
241 249
287 709
801 931
639 444
59 123
513 631
931 914
784 705
70 301
821 81
430 36
380 401
626 958
806 643
684 723
29 247
593 257
515 494
253 56
524 595
212 62
247 340
274 12
33 69
732 878
945 669
325 415
341 200
970 410
764 387
910 338
107 675
638 428
696 142
934 736
721 512
979 788
134 728
191 464
643 153
856 371
967 105
761 684
24 717
551 642
676 499
645 421
41 478
393 978
967 566
717 659
224 349
622 997
23 651
497 440
318 283
417 955
214 188
338 261
843 66
57 541
350 794
897 562
497 249
256 508
310 525
624 898
177 874
719 1
145 350
160 259
915 710
471 886
398 943
968 177
368 437
561 843
208 936
827 275
218 354
13 769
399 931
993 443
802 469
766 265
348 216
68 90
136 527
995 108
312 401
484 312
14 641
446 204
756 510
978 687
637 387
760 825
217 80
616 368
245 904
873 100
864 489
886 252
72 983
812 878
435 818
565 699
582 635
784 360
953 946
510 239
265 483
815 428
900 349
363 128
961 794
538 434
310 794
501 377
424 175
130 371
559 530
275 217
790 997
495 200
303 295
200 593
765 699
276 642
201 801
956 796
326 443
872 347
381 601
113 321
49 582
5 379
164 489
294 666
904 685
116 227
999 986
207 959
884 706
693 988
791 44
802 594
869 700
603 768
693 72
74 716
652 69
181 310
274 800
455 158
875 278
102 329
312 604
307 232
51 791
701 529
886 910
389 364
660 99
75 775
246 446
121 651
320 346
947 957
138 414
437 726
504 197
453 243
666 814
660 621
12 629
545 249
390 8
590 26
229 258
553 66
353 580
301 525
758 815
46 727
547 435
304 784
741 556
393 623
869 431
810 252
198 505
395 749
56 633
660 722
184 481
380 721
781 712
886 658
820 419
534 644
445 584
737 830
852 777
923 207
41 887
150 103
121 861
266 244
19 929
239 606
283 614
52 898
610 4
692 219
444 22
852 884
929 427
566 512
556 207
265 114
527 999
223 69
677 216
22 102
799 960
815 285
600 427
682 679
841 927
688 759
485 105
127 472
405 222
473 628
886 267
422 385
446 198
189 359
379 10
215 539
532 335
261 215
430 839
997 527
784 106
992 214
415 299
263 583
739 769
522 524
792 71
847 139
607 532
57 867
658 763
710 387
203 348
832 236
845 82
108 987
209 779
39 136
787 316
620 241
107 554
159 767
308 41
77 343
200 969
522 803
258 684
290 399
715 681
168 805
142 541
746 753
963 340
714 925
840 252
639 622
835 915
682 237
385 524
33 192
963 790
824 294
612 524
587 406
820 326
989 993
391 750
20 907
743 29
219 438
662 356
910 751
101 571
538 967
56 941
18 883
855 425
659 85
462 723
617 393
654 193
703 24
355 95
196 376
931 468
136 538
957 722
643 803
768 858
559 68
39 638
953 74
916 460
35 302
474 338
549 190
738 580
799 970
407 344
849 240
761 899
204 81
814 601
894 34
476 496
889 108
600 573
140 36
35 327
881 155
160 503
862 551
439 630
916 56
540 111
243 428
313 945
772 468
704 86
869 388
858 590
129 431
690 557
501 121
251 304
972 771
950 44
724 539
277 872
775 585
363 166
955 19
817 846
274 249
947 426
930 658
320 323
726 606
878 547
571 833
756 361
700 895
590 632
151 906
620 448
782 549
867 660
247 709
891 762
364 362
15 950
748 715
192 567
208 743
811 121
807 61
590 545
610 885
975 788
8 485
757 656
427 21
196 361
233 810
766 398
709 359
997 905
915 119
417 275
791 645
824 469
975 76
641 288
861 487
153 183
846 258
55 871
581 687
575 886
640 19
522 145
426 406
363 388
640 46
92 782
772 189
104 170
765 998
718 175
229 60
20 640
297 827
266 158
500 157
611 1
813 647
159 243
485 825
667 645
746 753
624 575
598 640
912 181
712 564
244 101
874 348
857 298
377 408
526 659
825 886
832 860
15 390
758 316
236 15
917 542
441 415
877 225
333 647
738 80
504 428
492 650
340 712
791 210
951 367
356 136
275 947
78 231
590 560
318 373
882 296
431 790
317 592
259 449
426 241
844 57
678 96
884 486
20 895
102 818
338 154
890 268
258 794
341 728
34 854
687 37
540 605
147 485
46 157
866 353
171 70
185 459
921 920
230 193
457 257
455 873
634 136
115 815
262 37
998 121
459 350
329 780
179 724
688 644
221 668
643 888
786 399
790 707
1 938
649 204
43 310
360 583
623 529
700 690
160 364
808 793
826 979
629 762
616 591
759 362
817 767
149 926
798 875
381 379
374 272
485 334
91 879
483 236
706 934
631 420
974 613
379 280
782 818
282 688
354 758
678 351
658 13
96 884
424 762
220 201
345 657
859 248
224 243
335 969
898 565
42 149
43 242
936 967
287 564
136 717
210 391
687 243
417 815
45 400
959 708
30 984
297 749
346 760
754 994
813 373
831 793
455 173
156 90
622 84
454 762
959 89
686 812
337 751
453 963
938 660
850 746
840 685
302 52
834 304
305 108
964 584
522 831
238 637
418 845
661 553
545 107
832 660
600 420
636 737
974 99
873 999
164 755
836 114
48 919
131 463
189 250
147 659
137 512
909 68
86 115
197 142
138 448
218 439
687 303
369 452
36 782
26 674
346 535
585 997
304 389
893 901
567 859
181 268
158 589
606 610
31 357
686 697
728 943
733 49
532 861
543 221
616 653
955 252
694 430
503 377
757 814
161 435
446 63
959 701
984 893
848 559
278 874
41 524
428 442
378 730
101 415
478 293
536 502
142 685
655 8
158 979
711 467
126 728
754 374
227 397
400 408
236 828
161 426
717 238
733 104
463 107
516 132
878 533
238 507
378 77
293 150
967 381
318 234
293 132
500 385
416 109
804 967
56 408
474 549
626 607
987 777
990 186
976 564
600 652
314 691
375 148
56 887
497 773
651 853
84 543
378 839
270 44
678 321
446 747
320 468
457 784
686 622
574 593
834 880
579 283
970 463
462 3
241 332
932 966
628 212
309 545
398 96
221 489
189 534
389 837
955 22
121 767
942 486
912 799
56 399
671 136
32 381
813 825
295 51
72 685
787 813
855 571
720 668
14 351
354 358
558 359
20 667
842 174
252 65
386 965
228 289
348 77
707 87
758 486
282 158
102 508
816 546
298 436
118 148
80 915
571 393
167 72
234 244
764 309
191 135
462 561
85 102
930 585
819 604
9 171
651 684
821 625
249 914
527 36
754 279
163 391
322 88
122 656
5 439
343 554
791 929
988 213
212 774
122 524
577 877
124 750
696 509
413 847
776 37
349 724
939 189
696 530
542 810
942 103
53 862
956 143
861 758
194 160
343 90
547 607
572 928
817 177
867 434
446 899
164 419
652 931
297 86
421 540
480 543
764 94
787 200
130 227
431 318
930 563
64 753
374 465
244 167
879 556
459 338
337 359
870 717
12 705
373 867
4 941
767 352
570 387
693 294
938 342
847 153
427 125
342 779
225 578
417 385
22 69
457 253
885 649
428 898
317 478
557 275
725 638
186 756
498 665
645 366
906 337
604 728
301 237
530 641
38 274
299 223
574 358
387 59
42 116
760 618
376 299
163 902
478 222
372 819
835 685
667 490
644 514
279 354
16 910
594 586
668 570
483 8
480 838
931 788
608 949
169 382
844 134
583 492
545 61
106 525
949 360
93 353
143 491
903 959
189 997
120 854
819 560
408 611
299 381
689 321
768 494
575 308
762 33
591 174
53 748
254 475
361 451
717 564
779 268
52 391
283 740
843 693
580 959
666 595
743 707
571 457
553 941
283 670
552 428
117 155
50 417
367 651
670 637
642 578
777 763
222 579
146 530
348 807
654 396
466 597
373 385
411 309
915 101
212 820
488 365
168 99
432 358
541 887
164 679
356 235
279 210
293 833
778 607
369 749
897 352
863 947
900 902
888 675
422 699
898 796
761 46
672 214
712 778
328 167
979 487
268 223
511 528
458 619
260 595
492 686
13 924
833 747
884 826
298 437
723 545
797 952
643 286
406 861
553 198
129 89
868 359
633 382
849 717
132 713
591 503
684 170
91 591
200 96
37 646
857 626
153 597
910 559
559 749
528 551
467 521
423 639
966 902
787 937
283 394
507 345
851 418
298 138
834 986
405 95
151 697
630 122
128 666
460 737
548 20
816 876
119 571
378 880
793 949
754 959
191 93
464 829
40 884
300 140
330 51
806 842
939 699
528 958
216 477
447 990
266 762
430 580
19 20
10 564
949 106
175 904
796 968
497 92
239 989
276 346
51 420
77 440
728 220
383 781
834 840
95 975
753 791
144 560
833 620
720 292
723 439
537 612
242 251
184 215
447 742
961 76
86 572
578 217
462 748
643 855
781 713
405 659
201 539
120 254
72 580
987 278
250 323
944 772
754 92
789 124
744 766
940 728
137 603
979 813
470 388
605 828
777 907
832 698
115 590
669 561
401 187
747 124
282 55
188 991
474 261
422 901
899 301
947 624
295 762
642 789
926 323
716 733
86 379
912 829
686 841
415 222
331 113
248 814
187 777
373 725
860 373
813 9
454 739
568 699
29 144
6 16
928 657
40 448
661 475
565 706
955 643
135 831
757 878
123 178
254 787
524 814
824 732
73 224
947 321
770 969
660 229
663 822
652 111
26 239
301 617
96 67
808 893
523 898
962 691
155 202
850 228
976 179
820 187
930 11
689 902
906 907
429 881
286 847
424 787
968 290
190 152
191 799
823 173
589 786
607 303
976 485
495 860
754 195
226 272
496 681
449 490
174 295
887 581
234 116
958 871
316 327
128 501
621 639
887 917
725 468
206 922
602 243
557 364
496 550
801 373
268 930
537 710
696 303
43 424
715 572
45 235
365 768
300 778
71 10
808 940
241 306
654 69
434 845
789 267
924 85
921 490
357 838
187 800
439 483
679 658
785 239
165 829
332 644
273 173
846 880
243 906
299 810
999 414
487 738
862 713
445 254
43 541
491 334
782 154
988 537
805 147
420 525
878 759
280 67
463 729
867 137
231 632
906 342
601 15
393 290
760 462
547 899
309 760
783 729
787 11
77 483
972 603
677 455
361 208
888 838
438 939
437 285
196 317
222 646
277 543
936 717
619 963
103 475
713 530
727 487
281 228
524 24
420 123
531 204
477 48
455 604
615 613
709 213
178 9
559 312
386 519
749 619
192 207
368 55
863 155
901 152
31 811
832 944
470 722
806 564
866 999
194 629
561 709
753 424
65 908
542 854
744 382
847 213
381 106
214 862
517 484
337 189
352 154
586 179
593 729
711 943
161 630
403 793
692 270
723 806
202 294
482 863
480 420
630 866
941 956
897 199
53 283
377 908
241 960
984 50
877 158
301 366
769 660
529 129
344 789
690 96
708 136
3 852
104 305
347 794
237 134
58 829
926 706
751 240
316 390
148 188
26 571
320 8
18 193
636 283
934 76
807 180
392 481
418 179
50 325
164 598
559 703
415 285
280 521
570 262
40 682
277 449
129 751
56 661
852 182
172 289
493 321
376 332
908 993
118 590
62 153
331 493
505 39
378 793
108 342
562 671
493 462
492 466
657 258
254 965
367 497
434 27
741 103
87 903
66 257
647 676
802 844
247 847
365 670
667 960
785 707
607 548
443 201
991 558
698 341
200 713
740 556
869 527
710 147
475 166
521 472
397 950
552 302
929 108
507 277
688 706
535 999
202 52
971 60
128 661
188 631
640 80
530 999
773 671
353 495
460 240
313 150
912 770
207 583
7 645
449 850
931 871
502 218
922 264
308 510
638 327
752 72
630 90
217 8
363 490
933 105
347 397
99 27
353 882
47 592
35 672
329 72
267 448
910 749
263 646
70 942
338 724
324 296
144 919
594 457
701 632
938 324
823 757
686 384
495 877
200 152
108 791
130 468
952 740
368 126
106 744
953 831
962 637
762 16
240 824
371 529
701 130
632 341
656 592
730 651
498 268
715 399
11 986
525 184
859 203
403 735
409 253
342 566
96 537
770 863
125 748
878 328
962 95
200 966
534 255
271 646
907 181
487 390
910 87
496 746
243 677
855 808
54 253
700 389
475 440
434 549
391 715
291 574
629 327
977 157
994 249
965 569
345 58
28 795
287 80
181 68
976 387
485 31
769 441
643 923
451 283
460 938
479 133
936 604
300 706
611 261
491 998
389 466
124 562
3 672
541 564
